KRUSZWICA 9004 52.674167 18.326389 501
LUBLIN 340466 51.248056 22.570278 501
DRAWSKO_POMORSKIE 11750 53.531389 15.811111 601
GDAŃSK 463754 54.3475 18.645278 601
PRZECHLEWO 100 53.800278 17.253056 650
KALISZ_POMORSKI 4375 53.298333 15.905833 701
KOŁOBRZEG 0 54.177778 15.576944 701
SOPOT 37089 54.441944 18.559722 701
WERBKOWICE 100 50.751667 23.782611 701
ZŁOTÓW 18477 53.360278 17.040833 701
BĘDZIN 57761 50.323889 19.129167 801
BOLESŁAWIEC 39303 51.263889 15.560833 801
BOLESŁAWIEC 39303 51.263889 15.560833 801
KRAKÓW 765320 50.061389 19.938333 801
ŁĘCZYCA 14362 52.059167 19.198333 801
ŁOMŻA 0 53.176389 22.073056 801
MIĘDZYRZECZ 18309 52.448333 15.588333 801
MOGILNO 12178 52.657778 17.950833 801
PŁOCK 121468 52.547222 19.7 801
RACIBÓRZ 55405 50.091944 18.219722 801
TARNÓW 110110 50.029167 20.971667 801
TRZEBIATÓW 0 54.057222 15.278611 801
WAŁBRZYCH 114930 50.770833 16.273889 801
WIŚLICA 100 50.346667 20.673611 801
KALISZ 102249 51.7625 18.089722 850
CHEŁM 63949 51.132222 23.477778 901
CHOJNA 0 52.963333 14.426944 901
CHOJNICE 39961 53.694167 17.556389 901
CHOSZCZNO 15452 53.169167 15.419444 901
GŁOGÓW 68292 51.659167 16.080556 901
GNIEWKOWO 7200 52.895 18.406389 901
GOLENIÓW 0 53.565278 14.830556 901
IŁOWA 3977 51.501944 15.205833 901
PABIANICE 0 51.664444 19.355556 901
POZNAŃ 541561 52.408333 16.934167 901
PRZEMYŚL 62485 49.782222 22.774444 901
PYRZYCE 12686 53.143056 14.893056 901
RACIĄŻ 4520 52.781111 20.117778 901
RADOM 215653 51.403611 21.156667 901
SIERPC 18255 52.853056 19.668056 901
SŁUPSK 92170 54.465833 17.029167 901
TORUŃ 0 53.022222 18.611111 901
WŁOCŁAWEK 112635 52.660833 19.068611 901
WROCŁAW 637683 51.11 17.022222 901
ZAWIDÓW 4259 51.02615 15.062383 901
ZGORZELEC 0 51.150278 15.008611 901
DZIERZGOŃ 5501 53.923333 19.351389 901
GNIEZNO 69312 52.545 17.603611 940
PIEŃSK 5938 51.246389 15.046111 965
PSZÓW 14189 50.045 18.3906 973
KŁODZKO 27554 50.437778 16.652778 981
BŁONIE 12392 52.196667 20.616944 1001
BYSTRZYCA_KŁODZKA 10315 50.299444 16.653333 1001
BYTOM 170059 50.348333 18.915556 1001
CIECHANÓW 44428 52.881667 20.610556 1001
DRZYCIM 100 53.513611 18.316389 1001
GDÓW 100 49.907222 20.198611 1001
GŁOGÓWEK 5607 50.343889 17.867222 1001
IZBICA_KUJAWSKA 2685 52.419444 18.760278 1001
KAZIMIERZ_BISKUPI 100 52.3125 18.161111 1001
KŁODAWA 6570 52.255278 18.913889 1001
KŁODAWA 6570 52.255278 18.913889 1001
KOSZALIN 0 54.190278 16.181667 1001
ŁAGÓW 100 50.776667 21.085 1001
ŁAGÓW 100 50.776667 21.085 1001
MIĘDZYLESIE 0 50.149444 16.666389 1001
OGRODZIENIEC 4302 50.451111 19.518889 1001
OSTROŁĘKA 0 53.082778 21.5725 1001
RZESZÓW 188021 50.033611 22.004722 1001
SIEMKOWICE 100 51.203889 18.900556 1001
SIERADZ 0 51.595278 18.730556 1001
SZAMOTUŁY 18799 52.611111 16.578889 1001
ŚWIĄTNIKI_GÓRNE 2400 49.934722 19.953889 1001
WIELOPOLE_SKRZYŃSKIE 100 49.946667 21.614444 1001
BYTOM_ODRZAŃSKI 4368 51.731111 15.821944 1005
KROSNO_ODRZAŃSKIE 11597 52.052778 15.113056 1005
ŻARY 0 51.636667 15.136667 1030
BYDGOSZCZ 354990 53.125 18.011111 1038
NAMYSŁÓW 16200 51.072778 17.706944 1041
POBIEDZISKA 9123 52.48 17.279444 1048
DOBRZYŃ_NAD_WISŁĄ 2225 52.637778 19.321389 1065
GRUDZIĄDZ 0 53.486944 18.756944 1065
NASIELSK 7662 52.589722 20.804167 1065
PŁOŃSK 22256 52.623333 20.371111 1065
RYPIN 16574 53.066944 19.406944 1065
SEROCK 4265 52.513889 21.072222 1065
WOLBÓRZ 2341 51.500833 19.832222 1065
WYSZOGRÓD 2687 52.388889 20.190833 1065
ZAKROCZYM 3257 52.433333 20.611944 1065
SANTOK 100 52.738611 15.408611 1097
BIELSK_PODLASKI 972503 52.768333 23.191944 1101
BIELSKO-BIAŁA 172407 49.8225 19.044444 1101
BOCHNIA 30051 49.968889 20.43 1101
BOJADŁA 100 51.952778 15.809167 1101
CZARNKÓW 0 52.904444 16.564167 1101
CZERWIONKA-LESZCZYNY 28283 50.148889 18.677222 1101
DOBIEGNIEW 3094 52.97 15.753056 1101
DRAWNO 2304 53.219722 15.759167 1101
DZIERŻONIÓW 0 50.728056 16.651111 1101
JELENIA_GÓRA 80889 50.903889 15.736389 1101
KRAMSK 100 52.265278 18.425 1101
LUBOMIERZ 1914 51.011667 15.509722 1101
ŁOWICZ 28828 52.106111 19.945833 1101
MAGNUSZEW 100 51.761944 21.382778 1101
MIĘDZYBÓRZ 2345 51.399167 17.665556 1101
MIĘDZYZDROJE 5417 53.928889 14.451389 1101
MILICZ 11596 51.5275 17.271389 1101
MIRSK 3981 50.969167 15.382778 1101
OŁAWA 32674 50.943889 17.2925 1101
OŚWIĘCIM 0 50.039167 19.220833 1101
PUCK 11322 54.717778 18.408611 1101
RABKA-ZDRÓJ 12964 49.609722 19.965833 1101
RYBNIK 139540 50.098611 18.545 1101
SKWIERZYNA 9768 52.598889 15.506111 1101
STOPNICA 1455 50.439167 20.940556 1101
STROMIEC 100 51.646389 21.091111 1101
STRZELIN 0 50.780833 17.064722 1101
STRZELNO 5736 52.63 18.173056 1101
SULECHÓW 17147 52.078333 15.620278 1101
SZYDŁOWIEC 11907 51.223889 20.857222 1101
ŚWIEBODZIN 21981 52.246944 15.533611 1101
ŚWINOUJŚCIE 0 53.907778 14.2475 1101
TRZCIANKA 17242 53.041667 16.461111 1101
WARKA 11858 51.783333 21.186389 1101
WŁADYSŁAWOWO 10037 54.793092 18.414358 1101
ZŁOTORYJA 15903 51.123889 15.919444 1101
ŻAGAŃ 26200 51.617222 15.314722 1101
ŻEGOCINA 100 49.805278 20.418889 1101
KĘDZIERZYN-KOŹLE 57979 50.344722 18.208611 1104
TUCHÓW 6685 49.895 21.054167 1105
GŁUBCZYCE 12735 50.2 17.834167 1107
KAMIEŃ_KRAJEŃSKI 2423 53.533333 17.519444 1107
BOLKÓW 5117 50.921944 16.101944 1108
PONIEC 2841 51.763889 16.808333 1108
WIELEŃ 5989 52.892222 16.173611 1108
BYTÓW 17032 54.171111 17.490833 1113
OTMUCHÓW 5011 50.466667 17.175 1115
INOWROCŁAW 0 52.795833 18.261111 1120
KSIĄŻ_WIELKI 100 50.442222 20.140278 1120
BRZOSTEK 2697 49.879167 21.411944 1123
SOSNOWIEC 206516 50.283333 19.133333 1123
KAMIEŃ_POMORSKI 0 53.968889 14.779167 1124
CIĘŻKOWICE 2478 49.786111 20.973611 1125
KOŻUCHÓW 9519 51.745278 15.594444 1125
BARANÓW_SANDOMIERSKI 1478 50.499722 21.541389 1135
GĄSAWA 100 52.769444 17.756944 1136
GOSZCZANÓW 100 51.789167 18.504722 1136
MAŁOGOSZCZ 3831 50.813333 20.268333 1136
PRUSICE 2226 51.370556 16.959722 1136
SIEROSZEWICE 100 51.634444 17.969861 1136
SUŁKOWICE 6552 49.837778 19.795556 1136
ŚREM 0 52.088611 17.014722 1136
TUREK 27629 52.013333 18.485278 1136
UNIEJÓW 3010 51.97 18.800278 1136
WSCHOWA 14187 51.801389 16.315556 1136
PAJĘCZNO 6811 51.147222 19 1140
LEŚNA 4587 51.023611 15.266667 1144
INOWŁÓDZ 100 51.526944 20.221389 1145
PRZEDBÓRZ 3641 51.087778 19.873889 1145
SULEJÓW 6281 51.352778 19.884722 1145
ZAGÓRÓW 3069 52.165556 17.891667 1145
KOŃSKIE 19774 51.188889 20.406111 1145
ZAWICHOST 1845 50.806667 21.856389 1148
SANOK 38272 49.558333 22.205556 1150
WŁOSZCZOWA 10210 50.854167 19.966944 1154
CIESZYN 35173 49.75 18.633333 1155
CZERWIŃSK_NAD_WISŁĄ 100 52.397222 20.309167 1155
PRZEWORNO 100 50.685278 17.1675 1155
STUPSK 100 53.0225 20.4375 1155
UJAZD 1775 50.390556 18.354167 1155
UJAZD 1775 50.390556 18.354167 1155
WIĄZÓW 2310 50.815278 17.203611 1155
ŻMIGRÓD 6477 51.470278 16.905 1155
KOWARY 0 50.791667 15.833333 1158
ZGIERZ 0 51.8551 19.406086 1161
TOSZEK 3597 50.454167 18.522222 1163
BUSKO-ZDRÓJ 16428 50.470556 20.718889 1166
DWIKOZY 100 50.732222 21.786389 1167
MIĘDZYRZEC_PODLASKI 16993 51.985411 22.784836 1174
SIEMIANOWICE_ŚLĄSKIE 0 50.326944 19.030556 1178
WĄCHOCK 2794 51.074167 21.013611 1179
BIRCZA 100 49.692222 22.479444 1188
POŁANIEC 8243 50.4325 21.280556 1191
ROGOŹNO 0 52.749167 16.999722 1192
KSIĄŻ_WIELKOPOLSKI 0 52.060992 17.239358 1193
LELÓW 100 50.683333 19.625278 1193
SKARYSZEW 4346 51.310556 21.251944 1198
STAROGARD_GDAŃSKI 48308 53.963889 18.526389 1198
ŚWIECIE 0 53.408333 18.445833 1198
TCZEW 0 54.092192 18.777331 1198
BABIMOST 3950 52.1649 15.829081 1201
BARCIN 7609 52.863889 17.947222 1201
BIAŁY_BÓR 2207 53.898611 16.837778 1201
BIELAWA 30492 50.683056 16.611111 1201
BIERUTÓW 4968 51.123611 17.5425 1201
BOGATYNIA 18030 50.9075 14.953889 1201
CIECHANOWIEC 4753 52.686111 22.491667 1201
CZERNIEJEWO 2612 52.429167 17.491667 1201
DZIWNÓW 2708 54.027778 14.763611 1201
GÓRA_KALWARIA 11845 51.984722 21.213889 1201
GRABÓW_NAD_PROSNĄ 1943 51.505 18.120833 1201
GUBIN 0 51.946797 14.727731 1201
HRUBIESZÓW 0 50.8025 23.891944 1201
IŃSKO 0 53.435833 15.550278 1201
JASTROWIE 8671 53.421667 16.815556 1201
KALETY 8489 50.565 18.8825 1201
KOSÓW_LACKI 2154 52.595556 22.146667 1201
KOSTRZYN_NAD_ODRĄ 18023 52.588333 14.666667 1201
KRAPKOWICE 16721 50.474722 17.967222 1201
KRZYWIŃ 1677 51.963239 16.820006 1201
LĄDEK-ZDRÓJ 5766 50.343056 16.879444 1201
LIBIĄŻ 17233 50.103611 19.315556 1201
ŁUKÓW 30381 51.927222 22.383333 1201
MIESZKOWICE 3713 52.785278 14.493333 1201
NOWA_RUDA 22695 50.579214 16.501458 1201
NOWE_BRZESKO 1667 50.137222 20.384722 1201
NOWOGRÓD_BOBRZAŃSKI 5143 51.798333 15.253889 1201
NOWY_STAW 4349 54.135556 19.013333 1201
NOWY_TARG 0 49.477778 20.03 1201
OBORNIKI 18375 52.644722 16.814167 1201
OBORNIKI_ŚLĄSKIE 9118 51.298611 16.901667 1201
OBRAZÓW 100 50.693056 21.636944 1201
OLKUSZ 36142 50.279167 19.559722 1201
PLATERÓWKA 100 51.055 15.170278 1201
PRZECISZÓW 100 50.008889 19.373611 1201
RYDUŁTOWY 0 50.0665 18.421 1201
RZEPIN 6647 52.346389 14.832222 1201
SAMBORZEC 100 50.649444 21.656944 1201
SĘDZISZÓW_MAŁOPOLSKI 0 50.069444 21.701389 1201
SKOCZÓW 14550 49.803333 18.789722 1201
SŁUBICE 16895 52.354167 14.568889 1201
SŁUBICE 16895 52.354167 14.568889 1201
STASZÓW 15129 50.560556 21.166667 1201
STOCZEK_ŁUKOWSKI 2622 51.963333 21.968333 1201
STRZELCE_OPOLSKIE 18205 50.511111 18.300556 1201
TRZCIANNE 100 53.344444 22.683333 1201
TYCHOWO 2529 53.928333 16.258056 1201
USTKA 15869 54.578611 16.869167 1201
WARSZAWA 1753977 52.232222 21.008333 1201
WOŁCZYN 5922 51.018556 18.048278 1201
WYSOKIE_MAZOWIECKIE 9382 52.916667 22.514444 1201
ZABRZE 175882 50.3025 18.778056 1201
ZĄBKOWICE_ŚLĄSKIE 15335 50.591408 16.812742 1201
ZELÓW 7717 51.466667 19.221389 1201
ZIELONA_GÓRA 138898 51.939722 15.505 1201
ŻUKOWO 6540 54.345833 18.360556 1201
MALCZYCE 100 51.221111 16.491111 1202
ŚCINAWA 5697 51.411111 16.423056 1202
BROK 1955 52.7 21.859722 1203
ŚWIEBODZICE 22958 50.859444 16.318056 1203
WYSZKÓW 27074 52.593056 21.459167 1203
JELCZ-LASKOWICE 15860 51.035278 17.341111 1203
KOZIENICE 17773 51.585556 21.551111 1206
WOŹNIKI 4395 50.586667 19.060556 1206
MUSZYNA 4976 49.358333 20.9 1209
CEKÓW 100 51.894444 18.299167 1212
DOBRCZ 100 53.265556 18.146667 1213
DORUCHÓW 100 51.416389 18.076111 1213
LEWIN_KŁODZKI 100 50.405556 16.290833 1213
LUBACZÓW 0 50.159167 23.121944 1214
SIEMYŚL 100 54.028333 15.531944 1214
GAWŁUSZOWICE 100 50.417778 21.363611 1215
GĄBIN 4144 52.399722 19.730556 1215
SUCHY_DĄB 100 54.206667 18.7675 1215
LUBAWA 10124 53.505 19.751667 1216
PIOTRKÓW_TRYBUNALSKI 0 51.406667 19.695556 1217
CZĘSTOCHOWA 0 50.817778 19.138333 1220
DZIAŁOSZYCE 933 50.365 20.3525 1220
MOKRSKO 100 51.174806 18.462972 1220
ZAWIERCIE 50504 50.4875 19.416389 1220
WISKITKI 100 52.086944 20.382778 1221
GOŁAŃCZ 3360 52.943889 17.299444 1222
JABŁONOWO_POMORSKIE 3806 53.388889 19.152778 1222
MIKOŁÓW 40027 50.163611 18.903889 1222
PAPOWO_BISKUPIE 100 53.249444 18.563889 1222
GOGOLIN 6565 50.488056 18.023889 1223
GOLESZÓW 100 49.735 18.736389 1223
NYSA 44419 50.471636 17.334111 1223
RUMIA 0 54.570556 18.387778 1223
TUSZYN 7262 51.609167 19.53 1223
IŁÓW 100 52.339444 20.027222 1224
NIEMODLIN 6517 50.641944 17.619444 1224
SULĘCZYNO 100 54.232222 17.774167 1224
OLESNO 9504 50.875 18.416667 1226
OLESNO 9504 50.875 18.416667 1226
CHRZANÓW 37396 50.141111 19.403889 1228
CHRZANÓW 37396 50.141111 19.403889 1228
DOBRZEŃ_WIELKI 100 50.766667 17.846667 1228
RAWA_MAZOWIECKA 17596 51.766667 20.25 1228
STARE_BOGACZOWICE 100 50.848333 16.193333 1228
TRZYCIĄŻ 100 50.309444 19.768056 1228
JAWORZNO 92618 50.204444 19.27 1229
MIELEC 0 50.291667 21.433333 1229
SKAWINA 24317 49.975 19.828333 1229
KOSZYCE 240164 48.721622 21.257939 1230
NIESZAWA 1950 52.836667 18.901389 1230
ŚLESIN 3136 52.370278 18.306389 1231
ZBĄSZYŃ 7242 52.253056 15.917778 1231
DĄBIE 2032 52.090556 18.822222 1232
DĄBIE 2032 52.090556 18.822222 1232
DĘBNO 13990 52.738889 14.697778 1232
DĘBNO 13990 52.738889 14.697778 1232
MOGILANY 100 49.938333 19.891944 1232
GARDEJA 100 53.607222 18.941111 1233
KWIDZYN 38676 53.735833 18.930833 1233
MASZEWO 3377 53.496331 15.061422 1233
MASZEWO 3377 53.496331 15.061422 1233
GRODKÓW 8746 50.698056 17.384444 1234
ZIĘBICE 8966 50.6 17.044444 1234
BLEDZEW 100 52.517222 15.414722 1235
ŚRODA_ŚLĄSKA 9370 51.163889 16.595 1235
PRUSZKÓW 0 52.165556 20.805556 1236
SZCZANIEC 100 52.268111 15.682361 1236
ELBLĄG 121412 54.158333 19.402778 1237
KĘTY 18984 49.883333 19.221944 1238
LATOWICZ 100 52.026667 21.805556 1238
MYŚLIBÓRZ 11478 52.924722 14.866389 1238
OBRZYCKO 2375 52.706389 16.529167 1238
OCHOTA 0 52.216389 20.981111 1238
GÓRZNO 1415 53.198333 19.644444 1239
GÓRZNO 1415 53.198333 19.644444 1239
ZANIEMYŚL 100 52.156667 17.16 1239
BARTOSZYCE 24082 54.248889 20.808056 1240
JONIEC 100 52.601111 20.578889 1240
KARLINO 0 54.035278 15.876944 1240
CISEK 100 50.280556 18.201111 1241
MYSŁOWICE 74711 50.241389 19.136667 1241
RESZEL 4649 54.053247 21.152522 1241
PAKOŚĆ 5708 52.807778 18.090278 1243
RADOMSKO 0 51.067222 19.443611 1243
DZWOLA 100 50.693056 22.565833 1245
MSZCZONÓW 6409 51.974444 20.5125 1245
WĄBRZEŹNO 13866 53.279722 18.945833 1246
STARY_SZELKÓW 100 52.8225 21.2074 1247
KAMIENNA_GÓRA 19572 50.784167 16.035556 1249
MOGIELNICA 2316 51.693333 20.724167 1249
PRÓSZKÓW 2690 50.576389 17.871389 1250
UDANIN 100 51.036944 16.453333 1250
WILAMOWICE 3011 49.916389 19.151944 1250
DREZDENKO 10333 52.835833 15.831111 1252
OŚNO_LUBUSKIE 3904 52.452222 14.8775 1252
RAKONIEWICE 3584 52.140833 16.273056 1252
GDYNIA 247329 54.519167 18.539444 1253
KLUCZBORK 24111 50.973056 18.214167 1253
MYŚLENICE 18383 49.833333 19.940556 1253
PIEKARY_ŚLĄSKIE 0 50.373611 18.943889 1253
SIECHNICE 6959 51.033056 17.145556 1253
WIŻAJNY 100 54.367222 22.868889 1253
OLSZYNA 4391 51.066667 15.388889 1254
PACZKÓW 7631 50.466389 17.011389 1254
PRUDNIK 21390 50.319722 17.579167 1255
STARE_CZARNOWO 100 53.281667 14.780833 1255
PSZCZEW 100 52.479444 15.778333 1256
WRZEŚNIA 29855 52.325111 17.56525 1256
KOBIERZYCE 100 50.971389 16.930556 1257
GORZÓW_WIELKOPOLSKI 0 52.730833 15.238333 1257
GRODZISK_WIELKOPOLSKI 14519 52.225 16.366667 1257
JAROCIN 26353 51.973611 17.501111 1257
JAROCIN 26353 51.973611 17.501111 1257
PYZDRY 3187 52.170278 17.69 1257
STARY_SĄCZ 9054 49.5625 20.636389 1257
WODZISŁAW_ŚLĄSKI 48584 50.002778 18.463056 1257
ŻERKÓW 2136 52.068333 17.562778 1257
CHORZÓW 109541 50.3 18.95 1257
LUBANIE 100 52.743889 18.919722 1258
PRZECŁAW 1739 50.193333 21.48 1258
ŚWIĘCIECHOWA 100 51.856111 16.502778 1258
POLICE 33152 53.55 14.570833 1260
PRASZKA 7791 51.056111 18.450556 1260
WITNICA 6864 52.677778 14.891389 1261
KROCZYCE 100 50.561389 19.569444 1262
MORYŃ 0 52.859444 14.393611 1263
ŁOSICE 7085 52.2125 22.718889 1264
NIDZICA 14099 53.358333 20.425 1266
ŚWIDNICA 0 50.844444 16.491667 1267
ŚWIDNICA 0 50.844444 16.491667 1267
NOWOGARD 0 53.671944 15.119167 1268
ŚWIERZAWA 2317 51.014722 15.892778 1268
NAGŁOWICE 100 50.679167 20.106667 1269
RYMAŃ 100 53.945833 15.531111 1269
SUCHAŃ 1454 53.278611 15.324722 1269
GRĘBOCICE 100 51.598056 16.165833 1272
LUBLINIEC 0 50.668056 18.679167 1272
POLKOWICE 22525 51.501111 16.0675 1272
WIŃSKO 100 51.470833 16.614167 1272
ŻORY 61942 50.045556 18.694722 1272
BESTWINA 100 49.901736 19.060825 1273
ŁAMBINOWICE 100 50.538333 17.554167 1273
ŻABNO 4230 50.132778 20.885278 1274
CHĘCINY 4421 50.802778 20.467222 1275
GOSTYŃ 20150 51.886111 17.0125 1275
DYGOWO 100 54.133056 15.721111 1276
GLIWICE 182969 50.292222 18.6675 1276
PŁOTY 3998 53.808056 15.264722 1277
ŚWIEKATOWO 100 53.419444 18.091667 1277
BARLINEK 14048 52.992222 15.216389 1278
FROMBORK 2415 54.358333 19.683056 1278
WOJNICZ 3372 49.957778 20.839444 1278
DOBRODZIEŃ 3752 50.727778 18.444444 1279
GOSTYNIN 0 52.429167 19.461667 1279
KOPRZYWNICA 2529 50.590556 21.583611 1280
PRZEMKÓW 6296 51.526667 15.784722 1280
SOLEC_KUJAWSKI 15627 53.080556 18.222222 1280
ŚWIDWIN 0 53.774444 15.776667 1280
JUTROSIN 1936 51.651389 17.169444 1281
TRZCIŃSKO-ZDRÓJ 0 52.965278 14.608056 1281
WIELUŃ 23018 51.2225 18.573889 1281
KONIN 75607 52.2275 18.261389 1283
OSTRZESZÓW 14376 51.425 17.929722 1283
PLESZEW 17552 51.897222 17.785556 1283
ZAMBRÓW 22219 52.985556 22.241111 1283
CHOCIANÓW 8074 51.417222 15.901389 1284
LUBAWKA 6150 50.703333 16.001944 1284
OPOCZNO 21780 51.377222 20.286944 1284
JEMIELNICA 100 50.544167 18.380556 1285
BARWICE 3765 53.744722 16.355278 1286
CZAPLINEK 7155 53.558056 16.233056 1286
KRAJENKA 3733 53.296922 16.990697 1286
KRZESZOWICE 10120 50.135 19.631944 1286
SULĘCIN 10237 52.443889 15.116111 1286
HORODŁO 100 50.894444 24.046389 1287
LUBNIEWICE 2058 52.516389 15.249722 1287
ŁAZISKA_GÓRNE 22418 50.154722 18.843611 1287
SŁOMNIKI 4349 50.240833 20.081667 1287
SYCÓW 10442 51.31 17.723611 1287
WYRY 100 50.133333 18.900278 1287
KORONOWO 11317 53.314444 17.937222 1288
PASZOWICE 100 51.021111 16.171667 1288
BARCIANY 100 54.219722 21.353333 1289
BIERUŃ 19575 50.089722 19.092778 1290
POŁCZYN-ZDRÓJ 0 53.765833 16.0925 1290
RADKÓW 2427 50.503889 16.403333 1290
RADKÓW 2427 50.503889 16.403333 1290
KAMIEŃSK 2841 51.204444 19.496944 1291
KURZĘTNIK 100 53.399167 19.576944 1291
STAWISZYN 0 51.918333 18.111389 1291
WIELICHOWO 1758 52.118889 16.349444 1291
NOWY_SĄCZ 83903 49.625 20.695556 1292
DĘBICA 46276 50.051389 21.411667 1293
TARNÓW_OPOLSKI 100 50.573611 18.082778 1293
TWARDOGÓRA 6793 51.364722 17.469722 1293
CHOCZ 1802 51.975278 17.870278 1294
NOWY_DWÓR_MAZOWIECKI 0 52.430278 20.715833 1294
BIAŁA_RAWSKA 3212 51.8075 20.471944 1295
KNURÓW 38685 50.221667 18.670556 1295
SŁOŃSK 100 52.562778 14.806111 1295
SZADEK 1979 51.691111 18.974167 1295
BABORÓW 2954 50.157778 17.98 1296
KĄTY_WROCŁAWSKIE 6683 51.030833 16.7675 1297
SULMIERZYCE 2898 51.605833 17.530833 1297
SULMIERZYCE 2898 51.605833 17.530833 1297
KAŹMIERZ 100 52.513056 16.586389 1298
NOWOGRÓDEK_POMORSKI 100 52.911111 15.028889 1298
OSJAKÓW 100 51.288333 18.7925 1299
ZALEWO 2162 53.845872 19.603492 1299
KORNOWAC 100 50.071111 18.328333 1300
WĄGROWIEC 0 52.806944 17.206944 1300
OSTRÓW_MAZOWIECKA 22741 52.800833 21.896111 1301
BEŁCHATÓW 58407 51.363611 19.362222 1301
BISKUPIEC 10559 53.863056 20.955833 1301
BOGUCHWAŁA 6030 49.983056 21.939722 1301
CEKCYN 100 53.573611 18.009722 1301
CHOJNÓW 0 51.271111 15.930556 1301
CZECHOWICE-DZIEDZICE 35725 49.911331 19.0075 1301
CZERWIN 100 52.95 21.759722 1301
DUKLA 2119 49.555556 21.683333 1301
DZIADOWA_KŁODA 100 51.234167 17.707222 1301
DZIAŁDOWO 21362 53.236111 20.177778 1301
JABŁONNA_LACKA 100 52.483333 22.45 1301
JASTRZĘBIE-ZDRÓJ 90283 49.950278 18.575278 1301
KLECZEW 4199 52.371111 18.176389 1301
KRAŚNIK 0 50.921389 22.220833 1301
LESZNO 64468 51.845833 16.580556 1301
LESZNO 64468 51.845833 16.580556 1301
LIDZBARK 7975 53.260278 19.821111 1301
LIDZBARK_WARMIŃSKI 7762 54.123692 20.581736 1301
LIPNO 14642 52.848611 19.180556 1301
LIPNO 14642 52.848611 19.180556 1301
ŁAPSZE_NIŻNE 100 49.397778 20.239444 1301
MAKÓW_PODHALAŃSKI 5972 49.730556 19.680833 1301
MIŃSK_MAZOWIECKI 0 52.180556 21.558333 1301
MUROWANA_GOŚLINA 10435 52.574172 17.008928 1301
MYSZKÓW 32250 50.575556 19.325833 1301
NIEPOŁOMICE 12000 50.033889 20.217222 1301
ORNONTOWICE 100 50.184444 18.764722 1301
PIASECZNO 47092 52.075556 21.026389 1301
PŁOSKINIA 100 54.269444 19.938333 1301
PORĘBA 8654 50.492778 19.333611 1301
RESKO 4281 53.773056 15.405833 1301
RYGLICE 2838 49.878611 21.137222 1301
SKIERNIEWICE 0 51.952778 20.141667 1301
SWARZĘDZ 30950 52.408333 17.071389 1301
SZCZUCIN 4145 50.309056 21.074806 1301
SZCZYTNA 5278 50.413056 16.447222 1301
ŚWIECIE_NAD_OSĄ 100 53.444167 19.106944 1301
ŚWINICE_WARCKIE 100 52.040833 18.918056 1301
TORZYM 2541 52.312778 15.077778 1301
TRZEBIEL 100 51.635833 14.816389 1301
TRZEBINIA 20012 50.159722 19.470556 1301
USTROŃ 16017 49.719167 18.812222 1301
WOJKOWICE 9078 50.364722 19.036667 1301
ŻYTNO 100 50.927222 19.6275 1301
PAWŁOWICZKI 100 50.241389 18.046111 1302
BRODNICA 0 53.259722 19.395556 1303
BRODNICA 0 53.259722 19.395556 1303
KIERNOZIA 100 52.268611 19.87 1303
KOBYLIN 3288 51.71615 17.226681 1303
KOBYLIN 3288 51.71615 17.226681 1303
LUBOMIA 100 50.041111 18.304167 1303
PSZCZYNA 25980 49.978056 18.941667 1303
LIW 100 52.375 21.966944 1304
ŁOSOSINA_DOLNA 100 49.747778 20.631111 1304
MURÓW 100 50.8625 17.944722 1304
HAŻLACH 100 49.807222 18.652222 1305
IŁAWA 0 53.596389 19.565556 1305
NOWY_ŻMIGRÓD 100 49.6075 21.525 1305
RADLIN 17892 50.0412 18.466 1305
RUDZINIEC 0 50.357222 18.406667 1305
SOŚNICOWICE 1875 50.272222 18.529722 1305
TUCZNO 1938 53.193889 16.154444 1306
TRZCIEL 2458 52.364722 15.872778 1307
BIERAWA 100 50.285833 18.242222 1308
ORNETA 8951 54.115556 20.13 1308
ŻYWIEC 31770 49.689167 19.205833 1308
CZERNIKOWO 100 52.941667 18.936944 1309
ŁODYGOWICE 100 49.73 19.139444 1310
SZCZECINEK 0 53.720833 16.686111 1310
SZEMUD 100 54.486667 18.225556 1311
ZŁOCIENIEC 13193 53.529167 16.011944 1311
ŁĘKI_SZLACHECKIE 100 51.184722 19.809167 1312
ŚWIĘTOCHŁOWICE 50750 50.291944 18.917778 1313
MIŁOSŁAW 3590 52.202778 17.489444 1314
MIROSŁAWIEC 3064 53.343889 16.087222 1314
MIŁAKOWO 2610 54.010278 20.072222 1315
MIŁOMŁYN 2430 53.764167 19.838056 1315
TUCHOMIE 100 54.112778 17.335278 1315
LUBOŃ 0 52.333333 16.883333 1316
MARKUSZÓW 100 51.375278 22.256944 1317
STARE_KUROWO 100 52.857222 15.672222 1317
BIAŁYSTOK 296628 53.135278 23.145556 1320
GODKOWO 100 54.079722 19.903611 1320
WYRZYSK 5174 53.153611 17.266944 1320
KIETRZ 6076 50.079167 18.008889 1321
OSTROWICE 100 53.637778 15.973056 1321
OTYŃ 100 51.847222 15.709722 1322
BARCZEWO 7368 53.836667 20.695278 1323
DUSZNIKI-ZDRÓJ 4757 50.404167 16.390556 1324
IGOŁOMIA 100 50.088889 20.239444 1325
NOWE_MIASTO_LUBAWSKIE 11062 53.425556 19.587778 1325
PIOTRKÓW_KUJAWSKI 4456 52.551111 18.499167 1325
SUŁOSZOWA 100 50.269444 19.725 1325
DOBRE_MIASTO 10432 53.9875 20.395833 1326
KOŁBIEL 100 52.059722 21.467778 1326
KOZY 100 49.845 19.141667 1326
LĘDZINY 16807 50.1425 19.130833 1326
MIEDŹNA 100 49.981944 19.048611 1326
POLANKA_WIELKA 100 49.981667 19.31 1326
RADZIONKÓW 16965 50.399722 18.901667 1326
SECEMIN 100 50.767778 19.838333 1326
STRYSZÓW 100 49.826389 19.630833 1326
SUSZEC 100 50.029569 18.791678 1326
PYSKOWICE 0 50.398056 18.6275 1327
WADOWICE 19056 49.8825 19.494444 1327
KĘTRZYN 0 54.076944 21.375278 1329
SERNIKI 100 51.437222 22.657778 1330
SIANÓW 6621 54.230278 16.2975 1330
KISIELICE 2114 53.606944 19.259444 1331
BRZEZINY 12526 51.800278 19.751389 1332
BRZEZINY 12526 51.800278 19.751389 1332
ŁÓDŹ 696503 51.776667 19.454722 1332
SZCZERCÓW 100 51.331111 19.113889 1332
PRZYTYK 100 51.468333 20.904444 1333
DMOSIN 100 51.925833 19.756667 1334
OLSZTYN 0 53.773056 20.476111 1334
OLSZTYN 0 53.773056 20.476111 1334
GÓROWO_IŁAWECKIE 0 54.284444 20.495556 1335
MARCISZÓW 100 50.8425 16.0325 1335
POLSKA_CEREKIEW 100 50.229167 18.127222 1337
BOBOWA 3086 49.708611 20.944722 1339
KŁOBUCK 13061 50.905 18.937778 1339
GRYBÓW 6066 49.624444 20.948333 1340
LĘBORK 35374 54.539167 17.747222 1341
BURZENIN 100 51.460278 18.83 1344
STRONIE_ŚLĄSKIE 5832 50.295556 16.8775 1344
BIAŁA_PODLASKA 57389 52.033333 23.116667 1345
KOŁACZYCE 1420 49.808333 21.440278 1345
BISZTYNEK 2425 54.085556 20.9 1346
POLANICA-ZDRÓJ 6799 50.405833 16.511389 1347
MRĄGOWO 0 53.869167 21.299722 1348
PIWNICZNA-ZDRÓJ 5936 49.435278 20.711389 1348
ŁAŃCUT 0 50.068056 22.229722 1349
GOSTYCYN 100 53.489167 17.81 1350
OLSZTYNEK 7662 53.582431 20.282731 1351
SĘPOPOL 2013 54.269194 21.014428 1351
HACZÓW 100 49.669167 21.891111 1352
LUBICHOWO 100 53.851111 18.398889 1352
KRZYWCZA 100 49.798333 22.545 1353
TYMBARK 100 49.729167 20.324167 1353
DYWITY 100 53.834722 20.475 1354
GORLICE 27950 49.654444 21.159167 1354
JODŁOWA 100 49.876111 21.303611 1354
KUDOWA-ZDRÓJ 0 50.438333 16.239444 1354
ŁOPUSZNO 100 50.948611 20.250833 1355
NOWOGRÓD 2171 53.227778 21.880556 1355
ŁASK 17629 51.589722 19.1325 1356
GONIĄDZ 1862 53.489722 22.733333 1358
MIEJSCE_PIASTOWE 100 49.633333 21.783333 1358
STUBNO 100 49.899167 22.954444 1358
BRZOZÓW 7513 49.695278 22.019444 1359
SZCZYTNO 23901 53.562778 20.985278 1359
KARGOWA 3773 52.071944 15.865278 1360
BUKOWSKO 100 49.5 22.066667 1361
DYDNIA 100 49.690278 22.160556 1361
WIELBARK 100 53.397778 20.946111 1361
TULISZKÓW 3348 52.076389 18.293611 1362
ZŁOTNIKI_KUJAWSKIE 100 52.902222 18.143056 1362
MARGONIN 3022 52.973303 17.094797 1364
SZAMOCIN 4305 53.030278 17.120556 1364
MALBORK 38895 54.035 19.028056 1365
OSIEK_JASIELSKI 100 49.635278 21.491111 1365
LANCKORONA 100 49.845 19.715833 1366
RADYMNO 0 49.951944 22.818056 1366
RANIŻÓW 100 50.258611 21.970833 1366
SZKLARSKA_PORĘBA 0 50.826667 15.521111 1366
MOKOTÓW 0 52.2 21.016944 1367
PISZ 19466 53.628889 21.8125 1367
TYCZYN 3694 49.965278 22.033056 1368
STĘSZEW 5941 52.278889 16.708056 1370
KOŁCZYGŁOWY 100 54.239722 17.226667 1371
RZECZENICA 100 53.756944 17.106667 1376
KAMPINOS 100 52.27 20.4625 1377
PROSZOWICE 6112 50.193139 20.288717 1377
JASTARNIA 0 54.699444 18.676667 1378
ŁOCHÓW 6842 52.530556 21.686111 1378
RZGÓW 3398 51.661944 19.459722 1378
RZGÓW 3398 51.661944 19.459722 1378
CIECHOCINEK 0 52.878056 18.781667 1379
SKOŁYSZYN 100 49.751667 21.334444 1379
SORKWITY 100 53.845 21.143056 1379
DOBRZANY 2344 53.358611 15.426111 1381
SPICZYN 100 51.341944 22.753889 1381
KONOPISKA 100 50.725556 19.008333 1383
OSTRORÓG 1958 52.626944 16.455278 1383
WIĘCBORK 5967 53.35 17.483333 1383
SOŃSK 100 52.779167 20.697222 1385
KONIECPOL 6049 50.774167 19.688889 1386
KUTNO 0 52.231061 19.364342 1386
PASYM 2556 53.651111 20.791944 1386
ZADZIM 100 51.778611 18.845278 1386
ROŹWIENICA 100 49.9525 22.591111 1387
PODDĘBICE 7675 51.893333 18.957222 1388
ULHÓWEK 100 50.449722 23.779722 1388
KARTUZY 14765 54.335 18.201389 1391
PIONKI 18846 51.481667 21.450278 1391
ZAWIDZ_KOŚCIELNY 100 52.827778 19.873611 1391
ŚWIDNIK 0 51.219722 22.7 1392
OPALENICA 9604 52.309167 16.409444 1393
OSIECZNA 2299 51.905833 16.676389 1393
OSIECZNA 2299 51.905833 16.676389 1393
KRASNYSTAW 19041 50.983889 23.169722 1394
RYCHWAŁ 2357 52.071111 18.166944 1394
ZDUŃSKA_WOLA 0 51.606111 18.939167 1394
DĘBLIN 16656 51.566667 21.861389 1397
SROKOWO 100 54.213611 21.520556 1397
ŁOBŻENICA 2977 53.262492 17.255681 1398
WODZIERADY 100 51.718889 19.151667 1398
CZEMPIŃ 5321 52.142833 16.75915 1399
KOLUSZKI 13257 51.737778 19.8125 1399
GLINOJECK 3064 52.818056 20.286111 1400
NOWE_MIASTO_NAD_PILICĄ 3852 51.616667 20.578889 1400
PĘCZNIEW 100 51.803056 18.723056 1400
STARE_BABICE 100 52.250833 20.840833 1400
BIAŁA_PISKA 4083 53.611389 22.063056 1401
BŁASZKI 2213 51.651944 18.433333 1401
BŁAŻOWA 2176 49.883333 22.099444 1401
CHORZELE 3042 53.261111 20.899167 1401
CYBINKA 2786 52.194444 14.795833 1401
FAJSŁAWICE 100 51.096667 22.960556 1401
GRAJEWO 22181 53.646667 22.455 1401
IWONICZ-ZDRÓJ 1842 49.573333 21.793611 1401
JEDLICZE 5770 49.716389 21.645556 1401
KLESZCZELE 1308 52.574167 23.325833 1401
KODEŃ 100 51.910278 23.601667 1401
LIMANOWA 15124 49.701667 20.425556 1401
MOCHOWO 100 52.766389 19.554167 1401
NOWE_PIEKUTY 100 52.855833 22.708889 1401
ORZYSZ 5720 53.810264 21.947297 1401
PAWŁOSIÓW 100 49.994444 22.644444 1401
POGORZELA 2076 51.822222 17.230556 1401
RUDA_ŚLĄSKA 139412 50.262778 18.853611 1401
RYDZYNA 2754 51.786944 16.666944 1401
SIEMIATYCZE 14652 52.427222 22.8625 1401
SIENIAWA 2161 50.178056 22.61 1401
SOKÓŁKA 18510 53.406944 23.5 1401
STARACHOWICE 49184 51.036667 21.070833 1401
TARGÓWEK 0 52.282778 21.064306 1401
USTRZYKI_DOLNE 9292 49.429722 22.586667 1401
UŚCIE_GORLICKIE 100 49.521667 21.138611 1401
WŁODAWA 13535 51.544722 23.547778 1401
WOŁOMIN 37298 52.346667 21.241944 1401
DOMINOWO 100 52.290278 17.356389 1402
TYRAWA_WOŁOSKA 100 49.576667 22.3675 1402
BUKOWNO 10333 50.268056 19.463056 1402
CHODZIEŻ 19100 52.99 16.912222 1403
CZASTARY 100 51.259167 18.319444 1403
MIĘDZYCHÓD 10666 52.601 15.889883 1404
DOBROSZYCE 100 51.264722 17.339167 1405
NEKLA 3712 52.364889 17.413306 1405
SUCHA_BESKIDZKA 0 49.740278 19.588611 1405
TOMASZÓW_MAZOWIECKI 63771 51.531389 20.008889 1405
BIEŻUŃ 1910 52.961389 19.890833 1406
LUTUTÓW 100 51.371944 18.433611 1406
LWÓWEK 3038 52.447911 16.181014 1406
DOPIEWO 100 52.357222 16.675556 1407
STAWISKI 2303 53.37975 22.154944 1407
BLIŻYN 100 51.108889 20.756667 1410
CZARNOŻYŁY 100 51.281389 18.563333 1411
KONDRATOWICE 100 50.772222 16.932222 1411
ZAGÓRZ 5099 49.502778 22.261944 1412
BORZECHÓW 100 51.0928 22.284042 1413
KLWÓW 100 51.534722 20.636944 1413
LIPOWIEC_KOŚCIELNY 100 53.104167 20.177222 1413
MIASTKOWO 100 53.151944 21.825 1413
SZCZAWNICA 5902 49.422778 20.482778 1413
WĘGRÓW 12793 52.399167 22.016389 1414
BEŁŻYCE 6629 51.174267 22.280239 1416
OSIECK 100 51.966389 21.419444 1416
MIASTKÓW_KOŚCIELNY 100 51.882778 21.825278 1417
ŁOMIANKI 0 52.335556 20.894444 1418
KOLNO 10464 53.410556 21.933889 1422
KOLNO 10464 53.410556 21.933889 1422
JANÓW_PODLASKI 100 52.195833 23.210556 1423
KRYNICA_MORSKA 1313 54.3825 19.444444 1424
EŁK 0 53.821389 22.362222 1425
STERDYŃ 100 52.579167 22.294722 1425
ZWOLEŃ 7940 51.356944 21.583889 1425
SOLINA 100 49.403611 22.461944 1426
ŁABUNIE 100 50.652222 23.368611 1428
SKIERBIESZÓW 100 50.851667 23.365278 1428
RAJGRÓD 1609 53.733611 22.700278 1429
BRAŃSK 3800 52.745556 22.833333 1430
DOŁHOBYCZÓW 100 50.586667 24.033611 1430
PACYNA 100 52.299722 19.7125 1430
TRZEBIESZÓW 100 51.988611 22.55 1430
PROSTKI 100 53.698889 22.432778 1432
STEGNA 100 54.326389 19.112222 1432
SZTUTOWO 100 54.325833 19.178889 1432
REWAL 100 54.0825 15.018611 1434
SKĘPE 3605 52.867222 19.346944 1434
HYŻNE 100 49.919444 22.176667 1436
LESKO 5554 49.474444 22.328889 1436
NOZDRZEC 100 49.772222 22.206944 1436
GIŻYCKO 29666 54.04 21.758889 1437
TRYŃCZA 100 50.158056 22.549722 1437
NISKO 15391 50.519444 22.141667 1439
DĄBROWA_TARNOWSKA 11892 50.174722 20.986389 1442
JASIENICA_ROSIELNA 100 49.750833 21.939722 1442
RYKI 9872 51.624722 21.933056 1442
CHOCEŃ 100 52.486111 19.018056 1444
HORYNIEC-ZDRÓJ 100 50.190556 23.361944 1444
MIKOŁAJKI 3824 53.803611 21.571667 1444
WISZNICE 100 51.79 23.208889 1446
SIEDLCE 0 52.166667 22.275 1448
OPOLE_LUBELSKIE 8702 51.147222 21.968889 1450
BELSK_DUŻY 100 51.826389 20.809444 1451
JEDWABNE 1653 53.286111 22.3025 1455
KLEMBÓW 100 52.406667 21.328333 1455
SANNIKI 100 52.329722 19.8675 1462
CERANÓW 100 52.628056 22.223889 1465
TYCHY 128415 50.123611 18.986667 1467
TUSZÓW_NARODOWY 100 50.370833 21.463333 1470
JANIKOWO 8949 52.747778 18.113056 1472
WĘGIERSKA_GÓRKA 100 49.606389 19.115278 1477
STRYSZAWA 100 49.721944 19.523611 1480
MŁAWA 31081 53.127222 20.3575 1485
STARY_BRUS 100 51.481944 23.289167 1485
CZYŻEW 2639 52.795833 22.329167 1487
JARCZÓW 100 50.4285 23.580667 1487
BRENNA 100 49.724722 18.902778 1490
TARNOWSKIE_GÓRY 0 50.445556 18.861111 1490
BOĆKI 100 52.651667 23.044722 1491
DOBRZYCA 3187 51.865 17.601944 1491
OSTRÓW_LUBELSKI 2153 51.491111 22.855 1500
PISZCZAC 100 51.981111 23.374444 1500
ANNOPOL 2606 50.885556 21.857778 1501
BAKAŁARZEWO 100 54.093611 22.651944 1501
DĄBROWA_BIAŁOSTOCKA 5697 53.653611 23.348611 1501
KATOWICE 298111 50.264167 19.023611 1501
MOŃKI 10145 53.406944 22.797158 1501
NOWA_SÓL 39459 51.805833 15.716111 1501
OKONEK 3983 53.535556 16.851944 1501
OLECKO 16464 54.036172 22.498242 1501
PERLEJEWO 100 52.568889 22.563056 1501
PIASTÓW 0 52.184444 20.839722 1501
PUŁAWY 48526 51.416389 21.969167 1501
RAKSZAWA 100 50.159722 22.237778 1501
SUCHEDNIÓW 8540 51.051667 20.8325 1501
WASILKÓW 10781 53.2 23.204444 1501
WĘGLINIEC 2928 51.288333 15.225556 1501
WIJEWO 100 51.920278 16.186667 1501
MIASTKO 10738 53.999167 16.976389 1506
SZCZEBRZESZYN 5132 50.694722 22.979444 1507
CZEMIERNIKI 100 51.673056 22.631667 1509
KOMAŃCZA 100 49.336667 22.068889 1512
SZERZYNY 100 49.809444 21.245278 1513
SZERZYNY 100 49.809444 21.245278 1513
ŚWIERADÓW-ZDRÓJ 0 50.908333 15.333333 1524
CZYŻE 100 52.778056 23.421944 1529
DĘBOWA_KŁODA 100 51.591944 23.0075 1530
MIEDZNA 100 52.468056 22.090833 1531
WOLA_UHRUSKA 100 51.322222 23.625 1531
DUBICZE_CERKIEWNE 100 52.65 23.433333 1532
BYCHAWA 5033 51.015833 22.532778 1537
SIDRA 100 53.553056 23.448611 1538
POZEZDRZE 100 54.141944 21.858611 1543
KRUKLANKI 100 54.088333 21.9225 1545
KRYNICA-ZDRÓJ 10907 49.411667 20.955 1547
AUGUSTÓW 0 53.843611 22.9775 1550
CISNA 100 49.211389 22.328889 1552
WIELICZKI 100 53.985 22.568056 1552
ZABŁUDÓW 2497 53.015278 23.335278 1553
ZABÓR 100 51.95 15.714722 1553
GROMADKA 100 51.36 15.758889 1554
BANIE_MAZURSKIE 100 54.238333 22.039167 1560
KOWALE_OLECKIE 100 54.163056 22.416389 1563
JORDANÓW 5340 49.649167 19.83 1564
KRAŚNICZYN 100 50.933889 23.351111 1564
BUDRY 100 54.2528 21.881522 1565
MARKI 0 52.321111 21.103333 1565
ZAKLIKÓW 3041 50.756667 22.101667 1565
TARNOGRÓD 3396 50.361111 22.741667 1567
CHYBIE 100 49.9025 18.827778 1568
OŻARÓW 4614 50.890833 21.667778 1569
BUCZKOWICE 100 49.728333 19.069167 1570
GŁOGÓW_MAŁOPOLSKI 6298 50.151111 21.962778 1570
KRASNOBRÓD 3123 50.544722 23.215278 1572
BIŁGORAJ 0 50.540833 22.721944 1578
POCZESNA 100 50.716167 19.129028 1578
ZAKOPANE 0 49.299444 19.951944 1578
SULEJÓWEK 19481 52.244167 21.28 1580
ZAMOŚĆ 0 50.720556 23.258611 1580
SZCZECIN 0 53.438056 14.542222 1581
OSIELSKO 100 53.186111 18.076389 1583
LIPSKO 5678 51.158333 21.649167 1589
CIESZANÓW 1964 50.245278 23.129444 1590
TOMASZÓW_LUBELSKI 0 50.453056 23.419167 1590
TARNOBRZEG 47658 50.572778 21.678611 1593
ZAWOJA 100 49.661111 19.56 1593
NAROL 2112 50.350278 23.327222 1596
OSTROWIEC_ŚWIĘTOKRZYSKI 70396 50.9325 21.386111 1597
NAWOJOWA 100 49.559444 20.741944 1600
HAJNÓWKA 21185 52.738889 23.583333 1601
KUŹNIA_RACIBORSKA 5409 50.2 18.311389 1601
RAJCZA 100 49.509444 19.112778 1601
TERESZPOL-ZAORENDA 100 50.578611 22.88 1601
WODYNIE 100 52.040556 21.959167 1601
ŁOBEZ 0 53.639167 15.621389 1609
BLACHOWNIA 9735 50.777778 18.975 1610
POTOK_GÓRNY 100 50.385556 22.554722 1612
BALIGRÓD 100 49.337222 22.285833 1615
DUBENINKI 100 54.288889 22.553889 1615
ALWERNIA 3420 50.0625 19.541944 1616
ULANÓW 1426 50.490278 22.265278 1616
KALWARIA_ZEBRZYDOWSKA 4606 49.868056 19.676944 1617
KROSNO 46695 49.682222 21.765833 1618
ISTEBNA 100 49.563889 18.893889 1621
PORONIN 100 49.344444 20.006389 1624
BOJANOWO 2948 51.707222 16.749444 1638
RAWICZ 20567 51.609167 16.8575 1638
JANÓW_LUBELSKI 12053 50.706667 22.410556 1640
KRUPSKI_MŁYN 100 50.572778 18.622778 1640
WEJHEROWO 0 54.604167 18.248889 1643
MYSZYNIEC 3380 53.384444 21.340556 1654
CHŁOPICE 100 49.945556 22.673333 1657
IWANO-FRANKIWSK 251529 48.916667 24.7 1662
KOMARÓWKA_PODLASKA 100 51.803333 22.943333 1672
SKARSZEWY 7134 54.067222 18.445833 1686
JÓZEFÓW_NAD_WISŁĄ 100 51.040833 21.829167 1687
SUWAŁKI 69543 54.101111 22.9325 1690
RUCIANE-NIDA 4604 53.650297 21.549944 1699
SŁAWKÓW 0 50.298333 19.388333 1701
SŁAWKÓW 0 50.298333 19.388333 1701
FRAMPOL 1444 50.671389 22.670556 1705
ANDRYCHÓW 20731 49.855 19.341111 1721
DĄBROWA_GÓRNICZA 122451 50.321389 19.187222 1726
WAWER 0 52.213889 21.158056 1727
SARNAKI 100 52.314167 22.89 1754
NAŁĘCZÓW 3958 51.287222 22.214722 1772
NOWY_TOMYŚL 14831 52.317222 16.121667 1780
CZARNA_BIAŁOSTOCKA 9511 53.305278 23.282222 1801
RZEWNIE 100 52.834722 21.34 1801
TUŁOWICE 100 50.593333 17.655 1801
ZAWADZKIE 7356 50.609444 18.48 1801
OZORKÓW 19813 51.958333 19.288056 1807
ALEKSANDRÓW_ŁÓDZKI 21377 51.819444 19.304444 1816
KONSTANTYNÓW_ŁÓDZKI 0 51.747222 19.326389 1821
ŻYRARDÓW 0 52.054167 20.444444 1830
STARY_DZIKÓW 100 50.245556 22.928889 1831
ALEKSANDRÓW_KUJAWSKI 12346 52.876389 18.693333 1834
ROZDRAŻEW 100 51.781111 17.505278 1837
LUBSKO 14276 51.785556 14.9675 1841
JEDLIŃSK 100 51.511944 21.120278 1860
UJSOŁY 100 49.482222 19.138889 1860
LEGIONOWO 54170 52.406667 20.934722 1877
NOWE_SKALMIERZYCE 4817 51.710278 17.9925 1908
ZBĄSZYNEK 5022 52.242222 15.816389 1923
STALOWA_WOLA 62636 50.576111 22.061111 1938
MAJDAN_KRÓLEWSKI 100 50.376944 21.746389 1954
REJOWIEC_FABRYCZNY 4419 51.119444 23.245 1958
BOGUSZÓW-GORCE 0 50.756111 16.205 1973
BEMOWO 0 52.247833 20.907 1994
